>TTTTTTTTTT	VRN1(ABI3VP1)/col-VRN1-DAP-Seq(GSE60143)/Homer	10.296193	-13.313384	0	T:4.0(66.67%),B:0.0(0.00%),P:1e-5
0.100	0.100	0.100	0.700
0.100	0.100	0.100	0.700
0.100	0.100	0.100	0.700
0.100	0.100	0.100	0.700
0.100	0.100	0.100	0.700
0.100	0.100	0.100	0.700
0.100	0.100	0.100	0.700
0.100	0.100	0.100	0.700
0.100	0.100	0.100	0.700
0.100	0.100	0.100	0.700
>WTTTTCYYTTTT	RLR1?/SacCer-Promoters/Homer	9.493372	-9.798911	0	T:4.0(66.67%),B:3.4(2.91%),P:1e-4
0.437	0.226	0.029	0.309
0.133	0.120	0.053	0.694
0.001	0.001	0.146	0.852
0.001	0.001	0.001	0.997
0.001	0.088	0.001	0.910
0.041	0.651	0.001	0.307
0.206	0.361	0.038	0.396
0.245	0.318	0.001	0.436
0.056	0.153	0.139	0.652
0.001	0.001	0.001	0.997
0.001	0.001	0.001	0.997
0.001	0.062	0.001	0.936
>TGGTACATTCCA	PRDM10(Zf)/HEK293-PRDM10.eGFP-ChIP-Seq(Encode)/Homer	7.353542	-9.798911	0	T:4.0(66.67%),B:3.5(2.94%),P:1e-4
0.046	0.001	0.026	0.927
0.007	0.004	0.983	0.006
0.038	0.007	0.951	0.004
0.153	0.081	0.165	0.601
0.460	0.139	0.140	0.261
0.031	0.551	0.188	0.230
0.619	0.170	0.023	0.188
0.082	0.102	0.274	0.542
0.113	0.179	0.098	0.610
0.002	0.992	0.004	0.002
0.002	0.972	0.002	0.024
0.665	0.105	0.013	0.217
>NABTCCCWDGGGAVH	EBF2(EBF)/BrownAdipose-EBF2-ChIP-Seq(GSE97114)/Homer	6.636639	-8.142295	0	T:5.0(83.33%),B:14.9(12.66%),P:1e-3
0.345	0.201	0.201	0.254
0.408	0.110	0.257	0.225
0.148	0.226	0.326	0.299
0.079	0.189	0.086	0.646
0.008	0.944	0.021	0.027
0.035	0.730	0.002	0.233
0.033	0.866	0.006	0.095
0.282	0.263	0.041	0.414
0.340	0.045	0.318	0.297
0.112	0.008	0.830	0.050
0.210	0.001	0.757	0.032
0.016	0.016	0.962	0.006
0.618	0.079	0.230	0.073
0.347	0.312	0.226	0.115
0.269	0.230	0.127	0.375
>CYAAAAATAG	Mef2a(MADS)/HL1-Mef2a.biotin-ChIP-Seq(GSE21529)/Homer	7.668953	-8.048841	0	T:4.0(66.67%),B:6.1(5.20%),P:1e-3
0.120	0.780	0.040	0.060
0.025	0.465	0.002	0.508
0.408	0.171	0.172	0.250
0.560	0.116	0.165	0.159
0.745	0.049	0.180	0.026
0.887	0.002	0.002	0.109
0.925	0.003	0.002	0.070
0.006	0.002	0.007	0.985
0.923	0.002	0.073	0.002
0.047	0.084	0.855	0.014
>DGTCCCYRGGGA	EBF(EBF)/proBcell-EBF-ChIP-Seq(GSE21978)/Homer	8.590014	-7.359878	0	T:3.0(50.00%),B:2.6(2.22%),P:1e-3
0.287	0.122	0.352	0.240
0.076	0.283	0.458	0.182
0.005	0.160	0.001	0.834
0.001	0.997	0.001	0.001
0.001	0.845	0.001	0.153
0.001	0.997	0.001	0.001
0.227	0.348	0.032	0.393
0.396	0.024	0.347	0.233
0.001	0.001	0.997	0.001
0.117	0.001	0.881	0.001
0.001	0.001	0.997	0.001
0.849	0.001	0.133	0.017
>CCAAAAAGGG	SEP3(MADS)/Arabidoposis-Flower-Sep3-ChIP-Seq/Homer	6.193342	-6.851260	0	T:6.0(100.00%),B:35.8(30.47%),P:1e-2
0.105	0.831	0.024	0.040
0.181	0.699	0.028	0.092
0.886	0.051	0.016	0.047
0.932	0.016	0.014	0.038
0.976	0.003	0.003	0.018
0.930	0.003	0.016	0.051
0.869	0.016	0.038	0.077
0.291	0.014	0.451	0.245
0.127	0.009	0.849	0.015
0.124	0.047	0.772	0.057
>AAAAAAAA	REM19(REM)/colamp-REM19-DAP-Seq(GSE60143)/Homer	8.118599	-6.671132	0	T:5.0(83.33%),B:21.0(17.83%),P:1e-2
0.674	0.222	0.037	0.067
0.750	0.223	0.026	0.001
0.794	0.148	0.057	0.001
0.890	0.025	0.010	0.075
0.997	0.001	0.001	0.001
0.935	0.010	0.001	0.054
0.881	0.019	0.001	0.099
0.530	0.140	0.019	0.311
>TTTTGTCTTTTTBTK	IDD5(C2H2)/colamp-IDD5-DAP-Seq(GSE60143)/Homer	8.079266	-6.269348	0	T:5.0(83.33%),B:22.6(19.25%),P:1e-2
0.169	0.126	0.108	0.597
0.029	0.122	0.043	0.806
0.001	0.001	0.001	0.997
0.001	0.001	0.001	0.997
0.001	0.001	0.997	0.001
0.001	0.001	0.144	0.854
0.083	0.622	0.001	0.294
0.119	0.122	0.228	0.531
0.001	0.110	0.190	0.699
0.063	0.218	0.114	0.605
0.290	0.001	0.022	0.687
0.189	0.088	0.001	0.722
0.105	0.306	0.293	0.296
0.099	0.246	0.067	0.588
0.217	0.123	0.292	0.368
>GGCCCCGCCCCC	Sp1(Zf)/Promoter/Homer	8.685072	-6.215008	0	T:2.0(33.33%),B:0.0(0.00%),P:1e-2
0.181	0.218	0.541	0.060
0.050	0.001	0.948	0.001
0.013	0.870	0.061	0.056
0.033	0.815	0.001	0.151
0.049	0.949	0.001	0.001
0.001	0.997	0.001	0.001
0.025	0.001	0.973	0.001
0.001	0.997	0.001	0.001
0.001	0.997	0.001	0.001
0.001	0.881	0.001	0.117
0.103	0.825	0.001	0.071
0.037	0.512	0.221	0.230
>NRGVACABNVTGTYCY	GRE(NR),IR3/A549-GR-ChIP-Seq(GSE32465)/Homer	7.914401	-6.215008	0	T:2.0(33.33%),B:0.0(0.00%),P:1e-2
0.251	0.287	0.290	0.171
0.458	0.001	0.412	0.128
0.030	0.001	0.968	0.001
0.354	0.209	0.303	0.134
0.997	0.001	0.001	0.001
0.001	0.997	0.001	0.001
0.789	0.001	0.134	0.076
0.102	0.273	0.361	0.264
0.282	0.218	0.214	0.286
0.251	0.374	0.269	0.106
0.091	0.118	0.001	0.790
0.001	0.001	0.997	0.001
0.001	0.001	0.001	0.997
0.138	0.304	0.199	0.359
0.001	0.974	0.001	0.024
0.129	0.429	0.001	0.441
>AAGAACATWHTGTTC	PGR(NR)/EndoStromal-PGR-ChIP-Seq(GSE69539)/Homer	7.117466	-6.215008	0	T:2.0(33.33%),B:0.0(0.00%),P:1e-2
0.413	0.186	0.190	0.211
0.715	0.001	0.244	0.040
0.112	0.001	0.886	0.001
0.639	0.087	0.117	0.157
0.997	0.001	0.001	0.001
0.001	0.997	0.001	0.001
0.919	0.001	0.001	0.079
0.201	0.172	0.226	0.402
0.383	0.113	0.109	0.395
0.339	0.303	0.146	0.211
0.054	0.001	0.001	0.944
0.001	0.001	0.997	0.001
0.001	0.001	0.001	0.997
0.179	0.146	0.066	0.609
0.025	0.865	0.001	0.109
>RGRACASNSTGTYCYB	ARE(NR)/LNCAP-AR-ChIP-Seq(GSE27824)/Homer	7.778994	-6.215008	0	T:2.0(33.33%),B:0.0(0.00%),P:1e-2
0.467	0.001	0.427	0.104
0.054	0.001	0.923	0.022
0.390	0.201	0.276	0.133
0.890	0.026	0.039	0.045
0.001	0.988	0.010	0.001
0.832	0.001	0.043	0.124
0.096	0.291	0.414	0.199
0.262	0.233	0.243	0.262
0.203	0.409	0.292	0.096
0.123	0.046	0.001	0.830
0.001	0.011	0.987	0.001
0.047	0.042	0.018	0.893
0.127	0.268	0.198	0.407
0.011	0.944	0.001	0.044
0.102	0.411	0.001	0.485
0.144	0.261	0.240	0.356
>AGGTGTGAAM	Tbet(T-box)/CD8-Tbet-ChIP-Seq(GSE33802)/Homer	6.742059	-5.975302	0	T:4.0(66.67%),B:12.9(10.94%),P:1e-2
0.788	0.015	0.091	0.106
0.239	0.067	0.512	0.182
0.032	0.001	0.886	0.081
0.001	0.029	0.001	0.969
0.001	0.001	0.997	0.001
0.255	0.014	0.021	0.710
0.056	0.299	0.499	0.146
0.997	0.001	0.001	0.001
0.467	0.294	0.045	0.194
0.377	0.246	0.180	0.197
>RGGATTAR	GSC(Homeobox)/FrogEmbryos-GSC-ChIP-Seq(DRA000576)/Homer	6.277190	-5.716633	0	T:6.0(100.00%),B:43.9(37.30%),P:1e-2
0.283	0.189	0.383	0.145
0.261	0.031	0.614	0.094
0.119	0.016	0.835	0.030
0.908	0.046	0.033	0.013
0.002	0.001	0.001	0.996
0.055	0.001	0.001	0.943
0.942	0.005	0.008	0.045
0.316	0.136	0.377	0.171
>TYTGACCASWRG	Bcl11a(Zf)/HSPC-BCL11A-ChIP-Seq(GSE104676)/Homer	7.307149	-5.485170	0	T:4.0(66.67%),B:14.1(12.03%),P:1e-2
0.113	0.191	0.055	0.641
0.041	0.453	0.095	0.411
0.004	0.001	0.001	0.994
0.027	0.055	0.841	0.077
0.545	0.032	0.338	0.085
0.048	0.910	0.031	0.011
0.006	0.992	0.001	0.001
0.893	0.001	0.001	0.105
0.027	0.378	0.494	0.101
0.303	0.224	0.083	0.390
0.473	0.016	0.357	0.153
0.121	0.059	0.738	0.082
>WDNCTGGGCA	ZNF416(Zf)/HEK293-ZNF416.GFP-ChIP-Seq(GSE58341)/Homer	7.030144	-5.055500	0	T:4.0(66.67%),B:16.6(14.14%),P:1e-2
0.324	0.175	0.092	0.410
0.249	0.183	0.344	0.224
0.270	0.290	0.201	0.239
0.001	0.980	0.001	0.018
0.098	0.009	0.089	0.804
0.001	0.001	0.951	0.047
0.086	0.001	0.873	0.040
0.108	0.001	0.890	0.001
0.265	0.686	0.001	0.048
0.685	0.094	0.048	0.173
>HTTTCCCASG	Rbpj1(?)/Panc1-Rbpj1-ChIP-Seq(GSE47459)/Homer	6.780707	-4.946998	0	T:5.0(83.33%),B:30.2(25.70%),P:1e-2
0.209	0.288	0.155	0.349
0.160	0.105	0.235	0.500
0.001	0.060	0.001	0.938
0.006	0.001	0.001	0.992
0.001	0.997	0.001	0.001
0.062	0.800	0.001	0.137
0.001	0.997	0.001	0.001
0.992	0.001	0.001	0.006
0.051	0.462	0.323	0.164
0.259	0.107	0.611	0.023
>CCWGGAATGY	TEAD2(TEA)/Py2T-Tead2-ChIP-Seq(GSE55709)/Homer	7.347983	-4.467894	0	T:2.0(33.33%),B:2.4(2.03%),P:1e-1
0.061	0.485	0.296	0.158
0.046	0.804	0.036	0.114
0.471	0.006	0.036	0.487
0.025	0.001	0.973	0.001
0.001	0.001	0.997	0.001
0.914	0.017	0.001	0.068
0.997	0.001	0.001	0.001
0.001	0.005	0.001	0.993
0.001	0.027	0.787	0.185
0.001	0.443	0.001	0.555
>CTCCCTGGGAGGCCN	GLIS3(Zf)/Thyroid-Glis3.GFP-ChIP-Seq(GSE103297)/Homer	6.234477	-4.410505	0	T:5.0(83.33%),B:35.0(29.75%),P:1e-1
0.105	0.613	0.257	0.025
0.198	0.176	0.152	0.474
0.028	0.669	0.147	0.156
0.066	0.570	0.001	0.363
0.001	0.727	0.267	0.005
0.062	0.386	0.001	0.551
0.312	0.001	0.628	0.059
0.001	0.001	0.900	0.098
0.001	0.001	0.997	0.001
0.525	0.001	0.276	0.198
0.001	0.001	0.997	0.001
0.155	0.001	0.808	0.036
0.001	0.462	0.238	0.299
0.238	0.527	0.143	0.092
0.252	0.193	0.250	0.305
>WGGGGATTTCCC	NFkB-p65(RHD)/GM12787-p65-ChIP-Seq(GSE19485)/Homer	7.188169	-4.162545	0	T:3.0(50.00%),B:10.3(8.77%),P:1e-1
0.386	0.093	0.197	0.324
0.098	0.005	0.727	0.170
0.002	0.001	0.993	0.004
0.001	0.001	0.965	0.033
0.354	0.001	0.622	0.023
0.601	0.138	0.172	0.089
0.355	0.072	0.016	0.557
0.031	0.014	0.017	0.938
0.001	0.193	0.001	0.805
0.001	0.816	0.001	0.182
0.002	0.974	0.001	0.023
0.261	0.608	0.019	0.112
>VCAGCTGBNN	HEB(bHLH)/mES-Heb-ChIP-Seq(GSE53233)/Homer	5.470684	-4.037388	0	T:6.0(100.00%),B:58.4(49.65%),P:1e-1
0.335	0.338	0.292	0.036
0.046	0.790	0.104	0.060
0.777	0.054	0.071	0.098
0.112	0.239	0.513	0.136
0.050	0.537	0.342	0.071
0.093	0.049	0.115	0.743
0.018	0.017	0.936	0.029
0.041	0.265	0.372	0.322
0.191	0.282	0.263	0.264
0.264	0.282	0.205	0.249
>TGGGGAAGGGCM	ZNF467(Zf)/HEK293-ZNF467.GFP-ChIP-Seq(GSE58341)/Homer	7.761785	-3.979505	0	T:2.0(33.33%),B:3.7(3.13%),P:1e-1
0.158	0.250	0.080	0.512
0.178	0.012	0.780	0.030
0.131	0.002	0.854	0.013
0.015	0.002	0.978	0.005
0.020	0.032	0.894	0.054
0.646	0.010	0.337	0.007
0.550	0.002	0.376	0.072
0.004	0.001	0.992	0.003
0.200	0.008	0.770	0.022
0.292	0.051	0.564	0.093
0.187	0.628	0.044	0.141
0.355	0.302	0.150	0.193
>GTCCCCWGGGGA	EBF1(EBF)/Near-E2A-ChIP-Seq(GSE21512)/Homer	6.752028	-3.876356	0	T:4.0(66.67%),B:23.2(19.74%),P:1e-1
0.184	0.170	0.443	0.203
0.067	0.170	0.263	0.500
0.021	0.618	0.075	0.286
0.012	0.930	0.001	0.057
0.021	0.862	0.001	0.116
0.038	0.917	0.001	0.044
0.537	0.055	0.003	0.405
0.146	0.006	0.770	0.078
0.179	0.001	0.794	0.026
0.019	0.001	0.979	0.001
0.210	0.045	0.724	0.021
0.500	0.204	0.242	0.054
>VAGRACAKWCTGTYC	GRE(NR),IR3/RAW264.7-GRE-ChIP-Seq(Unpublished)/Homer	7.809859	-3.596551	0	T:2.0(33.33%),B:4.2(3.58%),P:1e-1
0.232	0.373	0.231	0.163
0.619	0.006	0.262	0.113
0.058	0.005	0.924	0.013
0.433	0.120	0.287	0.160
0.957	0.008	0.015	0.020
0.002	0.963	0.008	0.027
0.767	0.019	0.135	0.079
0.123	0.231	0.249	0.397
0.259	0.179	0.165	0.397
0.210	0.403	0.228	0.160
0.101	0.044	0.009	0.846
0.006	0.015	0.972	0.007
0.021	0.026	0.018	0.935
0.179	0.288	0.131	0.401
0.041	0.865	0.014	0.080
>TGCGTGGGYG	Egr1(Zf)/K562-Egr1-ChIP-Seq(GSE32465)/Homer	7.353296	-3.478685	0	T:4.0(66.67%),B:26.1(22.16%),P:1e-1
0.128	0.072	0.142	0.658
0.078	0.036	0.882	0.004
0.154	0.523	0.023	0.300
0.001	0.001	0.997	0.001
0.001	0.001	0.282	0.716
0.027	0.001	0.971	0.001
0.001	0.002	0.973	0.024
0.001	0.001	0.997	0.001
0.153	0.415	0.010	0.422
0.034	0.002	0.940	0.024
>BTBRAGTGSN	Nkx2.2(Homeobox)/NPC-Nkx2.2-ChIP-Seq(GSE61673)/Homer	6.130094	-3.390159	0	T:6.0(100.00%),B:65.8(55.95%),P:1e-1
0.168	0.325	0.311	0.196
0.021	0.139	0.017	0.823
0.097	0.290	0.240	0.373
0.423	0.001	0.544	0.032
0.997	0.001	0.001	0.001
0.033	0.022	0.913	0.032
0.283	0.003	0.066	0.648
0.038	0.001	0.960	0.001
0.005	0.395	0.464	0.136
0.247	0.291	0.213	0.249
>SNGCACCTGCHS	Slug(Zf)/Mesoderm-Snai2-ChIP-Seq(GSE61475)/Homer	7.262097	-3.377120	0	T:3.0(50.00%),B:14.8(12.63%),P:1e-1
0.167	0.311	0.359	0.164
0.264	0.211	0.310	0.214
0.197	0.294	0.508	0.001
0.001	0.997	0.001	0.001
0.997	0.001	0.001	0.001
0.001	0.997	0.001	0.001
0.001	0.997	0.001	0.001
0.001	0.001	0.001	0.997
0.001	0.001	0.997	0.001
0.001	0.821	0.001	0.177
0.211	0.341	0.113	0.335
0.165	0.395	0.360	0.080
>GCTATTTTTGGM	Mef2b(MADS)/HEK293-Mef2b.V5-ChIP-Seq(GSE67450)/Homer	6.850716	-3.356777	0	T:4.0(66.67%),B:27.3(23.18%),P:1e-1
0.151	0.136	0.437	0.276
0.037	0.757	0.061	0.145
0.006	0.116	0.001	0.877
0.885	0.001	0.037	0.077
0.187	0.001	0.001	0.811
0.163	0.043	0.025	0.769
0.043	0.106	0.006	0.845
0.313	0.161	0.056	0.470
0.180	0.089	0.174	0.557
0.394	0.001	0.593	0.012
0.074	0.062	0.703	0.161
0.306	0.346	0.176	0.172
>CTGTTTAC	Foxo1(Forkhead)/RAW-Foxo1-ChIP-Seq(Fan_et_al.)/Homer	6.164667	-3.310508	0	T:5.0(83.33%),B:44.6(37.92%),P:1e-1
0.050	0.582	0.184	0.184
0.001	0.001	0.001	0.997
0.001	0.001	0.997	0.001
0.001	0.117	0.001	0.881
0.001	0.001	0.001	0.997
0.001	0.001	0.183	0.815
0.769	0.175	0.001	0.055
0.001	0.897	0.001	0.101
>NAGTTTCABTHTGACTNW	bZIP:IRF(bZIP,IRF)/Th17-BatF-ChIP-Seq(GSE39756)/Homer	8.085074	-3.282665	0	T:2.0(33.33%),B:5.7(4.88%),P:1e-1
0.198	0.300	0.219	0.282
0.495	0.032	0.261	0.212
0.027	0.293	0.547	0.133
0.006	0.023	0.011	0.960
0.008	0.136	0.028	0.828
0.007	0.037	0.004	0.952
0.001	0.956	0.017	0.026
0.636	0.087	0.037	0.240
0.150	0.193	0.315	0.341
0.197	0.029	0.077	0.697
0.318	0.241	0.065	0.376
0.005	0.001	0.002	0.992
0.016	0.148	0.696	0.140
0.840	0.038	0.039	0.083
0.153	0.546	0.266	0.035
0.168	0.056	0.019	0.757
0.208	0.323	0.257	0.212
0.369	0.164	0.173	0.294
>CNNBRGCGCCCCCTGSTGGC	BORIS(Zf)/K562-CTCFL-ChIP-Seq(GSE32465)/Homer	9.032880	-3.282665	0	T:2.0(33.33%),B:5.6(4.75%),P:1e-1
0.173	0.416	0.246	0.165
0.226	0.275	0.229	0.270
0.288	0.299	0.259	0.154
0.105	0.320	0.268	0.307
0.334	0.114	0.416	0.136
0.060	0.326	0.554	0.060
0.052	0.562	0.052	0.334
0.037	0.005	0.827	0.131
0.023	0.960	0.013	0.004
0.001	0.997	0.001	0.001
0.245	0.670	0.027	0.058
0.001	0.689	0.001	0.309
0.001	0.997	0.001	0.001
0.050	0.043	0.017	0.890
0.253	0.073	0.525	0.149
0.004	0.418	0.546	0.032
0.172	0.150	0.055	0.623
0.001	0.001	0.997	0.001
0.019	0.063	0.865	0.053
0.192	0.432	0.150	0.226
>AATTTTAAAA	Unknown6/Drosophila-Promoters/Homer	7.924745	-3.282665	0	T:2.0(33.33%),B:5.8(4.94%),P:1e-1
0.513	0.078	0.166	0.243
0.604	0.088	0.001	0.307
0.351	0.001	0.001	0.647
0.001	0.001	0.001	0.997
0.001	0.007	0.001	0.991
0.126	0.288	0.136	0.451
0.599	0.085	0.201	0.115
0.983	0.015	0.001	0.001
0.997	0.001	0.001	0.001
0.594	0.053	0.001	0.352
>YCWGGAATGY	TEAD(TEA)/Fibroblast-PU.1-ChIP-Seq(Unpublished)/Homer	8.290020	-3.282665	0	T:2.0(33.33%),B:5.6(4.80%),P:1e-1
0.209	0.359	0.184	0.248
0.304	0.458	0.001	0.237
0.460	0.001	0.001	0.538
0.001	0.001	0.997	0.001
0.001	0.001	0.997	0.001
0.997	0.001	0.001	0.001
0.997	0.001	0.001	0.001
0.001	0.001	0.001	0.997
0.001	0.022	0.569	0.408
0.154	0.441	0.001	0.404
>ATTTCCTGTN	EWS:ERG-fusion(ETS)/CADO_ES1-EWS:ERG-ChIP-Seq(SRA014231)/Homer	7.338790	-3.063971	0	T:3.0(50.00%),B:16.6(14.12%),P:1e-1
0.871	0.009	0.119	0.001
0.001	0.155	0.001	0.843
0.001	0.001	0.001	0.997
0.001	0.001	0.001	0.997
0.001	0.997	0.001	0.001
0.001	0.997	0.001	0.001
0.001	0.001	0.041	0.957
0.001	0.105	0.805	0.089
0.194	0.277	0.053	0.476
0.220	0.269	0.276	0.235
>MCTCCCMCRCAB	WT1(Zf)/Kidney-WT1-ChIP-Seq(GSE90016)/Homer	7.710930	-3.063971	0	T:3.0(50.00%),B:16.9(14.37%),P:1e-1
0.397	0.450	0.042	0.111
0.033	0.930	0.001	0.036
0.025	0.013	0.049	0.913
0.001	0.997	0.001	0.001
0.001	0.997	0.001	0.001
0.001	0.929	0.001	0.069
0.554	0.438	0.007	0.001
0.005	0.979	0.001	0.015
0.451	0.008	0.391	0.151
0.001	0.802	0.132	0.065
0.489	0.218	0.077	0.216
0.108	0.276	0.290	0.325
>SCHTGTTTACAT	FOXK2(Forkhead)/U2OS-FOXK2-ChIP-Seq(E-MTAB-2204)/Homer	7.297249	-3.063971	0	T:3.0(50.00%),B:16.3(13.88%),P:1e-1
0.145	0.329	0.406	0.121
0.111	0.555	0.274	0.060
0.341	0.254	0.113	0.292
0.004	0.001	0.001	0.994
0.095	0.001	0.903	0.001
0.001	0.001	0.001	0.997
0.003	0.001	0.031	0.965
0.002	0.001	0.204	0.793
0.834	0.063	0.008	0.095
0.001	0.794	0.002	0.203
0.471	0.227	0.101	0.201
0.219	0.193	0.122	0.465
>CYAAAAWWGG	RIN(MADS)/Tomato-RIN-ChIP-Seq(GSE116581)/Homer	6.563631	-3.032087	0	T:5.0(83.33%),B:47.2(40.17%),P:1e-1
0.144	0.854	0.001	0.001
0.165	0.488	0.001	0.346
0.605	0.131	0.001	0.263
0.665	0.001	0.025	0.309
0.877	0.001	0.001	0.121
0.750	0.001	0.001	0.248
0.522	0.001	0.094	0.383
0.420	0.001	0.246	0.333
0.282	0.001	0.716	0.001
0.227	0.044	0.595	0.134
>TGACANARRCCAGRC	Hand2(bHLH)/Mesoderm-Hand2-ChIP-Seq(GSE61475)/Homer	8.409588	-3.020425	0	T:1.0(16.67%),B:0.0(0.00%),P:1e-1
0.258	0.002	0.135	0.605
0.017	0.010	0.958	0.015
0.989	0.002	0.007	0.002
0.118	0.413	0.248	0.221
0.605	0.007	0.344	0.044
0.292	0.246	0.280	0.182
0.552	0.020	0.128	0.300
0.440	0.081	0.307	0.172
0.391	0.177	0.265	0.167
0.181	0.590	0.228	0.001
0.001	0.997	0.001	0.001
0.997	0.001	0.001	0.001
0.001	0.001	0.997	0.001
0.501	0.108	0.369	0.022
0.169	0.477	0.184	0.169
>TWVTCACGTGAB	BIM3(bHLH)/col-BIM3-DAP-Seq(GSE60143)/Homer	7.664068	-3.020425	0	T:1.0(16.67%),B:0.0(0.00%),P:1e-1
0.164	0.179	0.250	0.407
0.397	0.129	0.192	0.282
0.312	0.205	0.340	0.143
0.087	0.100	0.226	0.587
0.027	0.864	0.068	0.041
0.897	0.014	0.048	0.041
0.041	0.925	0.020	0.014
0.054	0.014	0.891	0.041
0.034	0.027	0.034	0.905
0.054	0.054	0.858	0.034
0.556	0.233	0.098	0.113
0.102	0.373	0.244	0.281
>NNNNNNVTCACGTGM	BIM1(bHLH)/colamp-BIM1-DAP-Seq(GSE60143)/Homer	8.697224	-3.020425	0	T:1.0(16.67%),B:0.0(0.00%),P:1e-1
0.263	0.183	0.324	0.231
0.241	0.217	0.237	0.305
0.305	0.169	0.309	0.217
0.277	0.207	0.237	0.279
0.305	0.183	0.269	0.243
0.283	0.211	0.187	0.320
0.277	0.249	0.390	0.085
0.124	0.001	0.307	0.568
0.001	0.997	0.001	0.001
0.997	0.001	0.001	0.001
0.001	0.997	0.001	0.001
0.001	0.001	0.997	0.001
0.001	0.001	0.001	0.997
0.001	0.001	0.997	0.001
0.436	0.305	0.096	0.163
>MYGGTCACACTG	Unknown1(NR/Ini-like)/Drosophila-Promoters/Homer	8.105621	-3.020425	0	T:1.0(16.67%),B:0.0(0.00%),P:1e-1
0.391	0.262	0.239	0.109
0.048	0.467	0.049	0.436
0.036	0.002	0.935	0.027
0.001	0.001	0.962	0.036
0.001	0.277	0.055	0.667
0.174	0.824	0.001	0.001
0.958	0.017	0.020	0.005
0.001	0.920	0.001	0.078
0.804	0.007	0.008	0.181
0.001	0.889	0.001	0.109
0.038	0.185	0.007	0.770
0.317	0.050	0.518	0.115
>TTAATTNAATTA	Phox2b(Homeobox)/CLBGA-PHOX2B-ChIP-Seq(GSE90683)/Homer	4.100438	-3.020425	0	T:1.0(16.67%),B:0.0(0.00%),P:1e-1
0.268	0.096	0.109	0.527
0.001	0.001	0.001	0.997
0.997	0.001	0.001	0.001
0.997	0.001	0.001	0.001
0.001	0.001	0.001	0.997
0.001	0.096	0.001	0.902
0.304	0.257	0.233	0.206
0.792	0.001	0.206	0.001
0.997	0.001	0.001	0.001
0.001	0.001	0.001	0.997
0.001	0.001	0.001	0.997
0.997	0.001	0.001	0.001
>SMCAGTCWGAKGGAGGAGGC	ZSCAN22(Zf)/HEK293-ZSCAN22.GFP-ChIP-Seq(GSE58341)/Homer	10.156824	-3.020425	0	T:1.0(16.67%),B:0.0(0.00%),P:1e-1
0.092	0.351	0.370	0.187
0.302	0.419	0.143	0.135
0.183	0.395	0.219	0.204
0.574	0.032	0.215	0.179
0.167	0.032	0.785	0.016
0.175	0.211	0.080	0.534
0.016	0.908	0.028	0.048
0.418	0.036	0.040	0.506
0.063	0.004	0.932	0.001
0.979	0.008	0.012	0.001
0.072	0.016	0.494	0.419
0.066	0.001	0.932	0.001
0.036	0.004	0.956	0.004
0.561	0.108	0.148	0.183
0.182	0.001	0.816	0.001
0.003	0.001	0.995	0.001
0.908	0.024	0.036	0.032
0.028	0.001	0.967	0.004
0.119	0.012	0.853	0.016
0.103	0.662	0.120	0.115
>TAATCHGATTAC	Pax7(Paired,Homeobox),long/Myoblast-Pax7-ChIP-Seq(GSE25064)/Homer	9.803488	-3.020425	0	T:1.0(16.67%),B:0.0(0.00%),P:1e-1
0.010	0.004	0.003	0.983
0.974	0.006	0.012	0.008
0.993	0.004	0.002	0.001
0.012	0.015	0.006	0.967
0.016	0.713	0.099	0.172
0.323	0.382	0.053	0.242
0.257	0.059	0.633	0.051
0.929	0.004	0.012	0.055
0.001	0.002	0.001	0.996
0.004	0.006	0.006	0.984
0.951	0.018	0.003	0.028
0.277	0.497	0.069	0.157
>AAGGKGRCGCAGGCA	ZNF165(Zf)/WHIM12-ZNF165-ChIP-Seq(GSE65937)/Homer	9.835269	-3.020425	0	T:1.0(16.67%),B:0.0(0.00%),P:1e-1
0.540	0.250	0.209	0.001
0.500	0.001	0.208	0.291
0.001	0.001	0.997	0.001
0.166	0.083	0.750	0.001
0.126	0.042	0.374	0.459
0.041	0.001	0.917	0.041
0.415	0.041	0.543	0.001
0.125	0.540	0.042	0.293
0.083	0.333	0.542	0.042
0.001	0.997	0.001	0.001
0.709	0.208	0.082	0.001
0.001	0.001	0.997	0.001
0.001	0.001	0.997	0.001
0.166	0.751	0.082	0.001
0.459	0.249	0.125	0.167
>AGTTTCAKTTTC	IRF3(IRF)/BMDM-Irf3-ChIP-Seq(GSE67343)/Homer	8.908883	-3.020425	0	T:1.0(16.67%),B:0.0(0.00%),P:1e-1
0.554	0.020	0.271	0.155
0.062	0.229	0.654	0.055
0.020	0.018	0.010	0.952
0.010	0.020	0.010	0.960
0.020	0.108	0.030	0.842
0.010	0.811	0.016	0.163
0.452	0.177	0.243	0.128
0.104	0.216	0.412	0.269
0.018	0.010	0.020	0.952
0.001	0.019	0.001	0.979
0.001	0.366	0.010	0.623
0.010	0.646	0.001	0.343
>GAGCCTGGTACTGWGCCTGR	ZNF322(Zf)/HEK293-ZNF322.GFP-ChIP-Seq(GSE58341)/Homer	8.919087	-3.020425	0	T:1.0(16.67%),B:0.0(0.00%),P:1e-1
0.151	0.157	0.584	0.108
0.425	0.097	0.242	0.235
0.128	0.121	0.592	0.159
0.181	0.558	0.077	0.184
0.070	0.901	0.001	0.028
0.249	0.150	0.017	0.584
0.230	0.116	0.540	0.114
0.182	0.226	0.421	0.171
0.096	0.250	0.145	0.509
0.479	0.272	0.086	0.163
0.019	0.946	0.005	0.030
0.340	0.109	0.036	0.515
0.041	0.358	0.573	0.028
0.461	0.067	0.087	0.385
0.086	0.032	0.829	0.053
0.057	0.799	0.051	0.093
0.026	0.929	0.001	0.044
0.198	0.027	0.031	0.744
0.019	0.064	0.792	0.125
0.311	0.159	0.384	0.145
>YTKGATAHAGTATTCTWGGTNGGCA	ZNF136(Zf)/HEK293-ZNF136.GFP-ChIP-Seq(GSE58341)/Homer	9.096398	-3.020425	0	T:1.0(16.67%),B:0.0(0.00%),P:1e-1
0.185	0.412	0.129	0.274
0.177	0.105	0.097	0.621
0.081	0.097	0.476	0.347
0.178	0.129	0.548	0.145
0.517	0.016	0.346	0.121
0.064	0.347	0.081	0.508
0.509	0.145	0.040	0.306
0.380	0.250	0.016	0.355
0.823	0.001	0.096	0.080
0.161	0.129	0.654	0.056
0.146	0.129	0.121	0.604
0.815	0.105	0.056	0.024
0.024	0.048	0.049	0.879
0.024	0.097	0.185	0.694
0.065	0.612	0.008	0.315
0.137	0.194	0.121	0.548
0.266	0.210	0.113	0.411
0.282	0.001	0.524	0.193
0.024	0.032	0.936	0.008
0.097	0.210	0.016	0.677
0.242	0.201	0.347	0.210
0.178	0.040	0.468	0.314
0.186	0.145	0.500	0.169
0.202	0.588	0.049	0.161
0.782	0.073	0.081	0.064
>ATTGCATCAT	Chop(bZIP)/MEF-Chop-ChIP-Seq(GSE35681)/Homer	7.626492	-3.020425	0	T:1.0(16.67%),B:0.0(0.00%),P:1e-1
0.503	0.160	0.298	0.039
0.009	0.008	0.006	0.977
0.003	0.004	0.024	0.969
0.250	0.004	0.546	0.200
0.027	0.963	0.002	0.008
0.929	0.016	0.050	0.005
0.040	0.024	0.011	0.925
0.015	0.966	0.012	0.007
0.957	0.008	0.030	0.005
0.019	0.145	0.338	0.499
>AYAGTGCCMYCTRGTGGCCA	CTCF(Zf)/CD4+-CTCF-ChIP-Seq(Barski_et_al.)/Homer	8.704837	-3.020425	0	T:1.0(16.67%),B:0.0(0.00%),P:1e-1
0.447	0.221	0.181	0.151
0.037	0.340	0.236	0.386
0.499	0.061	0.330	0.110
0.033	0.377	0.529	0.061
0.023	0.378	0.005	0.594
0.061	0.005	0.887	0.047
0.079	0.906	0.005	0.010
0.002	0.994	0.001	0.003
0.502	0.475	0.007	0.016
0.002	0.527	0.004	0.467
0.003	0.995	0.001	0.001
0.030	0.036	0.004	0.930
0.382	0.042	0.446	0.130
0.020	0.273	0.686	0.021
0.047	0.039	0.014	0.900
0.002	0.001	0.995	0.002
0.040	0.034	0.873	0.053
0.161	0.528	0.061	0.250
0.277	0.428	0.117	0.178
0.541	0.092	0.267	0.100
>RGAGAGAGAAAG	FRS9(ND)/col-FRS9-DAP-Seq(GSE60143)/Homer	9.643226	-3.020425	0	T:1.0(16.67%),B:0.0(0.00%),P:1e-1
0.469	0.001	0.529	0.001
0.027	0.001	0.971	0.001
0.910	0.002	0.087	0.001
0.050	0.001	0.947	0.002
0.997	0.001	0.001	0.001
0.001	0.004	0.993	0.002
0.964	0.004	0.031	0.001
0.001	0.001	0.997	0.001
0.778	0.001	0.220	0.001
0.612	0.071	0.316	0.001
0.608	0.001	0.239	0.152
0.161	0.218	0.506	0.115
>KGMCACGTGDCMHHH	ABF2(bZIP)/col-ABF2-DAP-Seq(GSE60143)/Homer	7.798481	-3.020425	0	T:1.0(16.67%),B:0.0(0.00%),P:1e-1
0.206	0.185	0.250	0.359
0.073	0.001	0.691	0.235
0.471	0.526	0.001	0.002
0.001	0.997	0.001	0.001
0.997	0.001	0.001	0.001
0.001	0.997	0.001	0.001
0.001	0.001	0.997	0.001
0.001	0.001	0.001	0.997
0.092	0.306	0.601	0.001
0.340	0.001	0.322	0.337
0.133	0.487	0.196	0.184
0.282	0.405	0.144	0.169
0.343	0.201	0.180	0.276
0.272	0.221	0.165	0.342
0.311	0.214	0.138	0.336
>DCYAAAAATAGM	Mef2c(MADS)/GM12878-Mef2c-ChIP-Seq(GSE32465)/Homer	7.874481	-2.922138	0	T:3.0(50.00%),B:17.8(15.12%),P:1e-1
0.259	0.099	0.337	0.305
0.189	0.600	0.065	0.146
0.017	0.444	0.001	0.538
0.641	0.119	0.078	0.162
0.590	0.033	0.175	0.202
0.887	0.006	0.043	0.064
0.871	0.006	0.024	0.099
0.890	0.010	0.007	0.093
0.030	0.030	0.011	0.929
0.935	0.002	0.058	0.005
0.195	0.062	0.693	0.050
0.352	0.439	0.100	0.108
>NTNATGCAAYMNNHTGMAAY	CEBP:CEBP(bZIP)/MEF-Chop-ChIP-Seq(GSE35681)/Homer	9.053532	-2.922138	0	T:3.0(50.00%),B:17.5(14.85%),P:1e-1
0.319	0.276	0.211	0.195
0.219	0.189	0.157	0.435
0.281	0.178	0.246	0.295
0.408	0.184	0.195	0.214
0.108	0.046	0.146	0.700
0.001	0.001	0.967	0.031
0.202	0.673	0.001	0.124
0.997	0.001	0.001	0.001
0.967	0.001	0.031	0.001
0.011	0.327	0.186	0.476
0.381	0.362	0.119	0.138
0.216	0.232	0.308	0.243
0.268	0.232	0.268	0.232
0.359	0.227	0.192	0.222
0.262	0.016	0.124	0.598
0.001	0.002	0.995	0.002
0.362	0.462	0.008	0.168
0.973	0.021	0.005	0.001
0.983	0.001	0.001	0.015
0.078	0.295	0.189	0.438
>DNRCAGCTGY	E2A(bHLH)/proBcell-E2A-ChIP-Seq(GSE21978)/Homer	6.427207	-2.857200	0	T:5.0(83.33%),B:49.1(41.73%),P:1e-1
0.352	0.171	0.238	0.239
0.292	0.294	0.253	0.161
0.428	0.218	0.353	0.001
0.001	0.997	0.001	0.001
0.997	0.001	0.001	0.001
0.001	0.238	0.753	0.008
0.001	0.871	0.127	0.001
0.001	0.001	0.001	0.997
0.001	0.001	0.997	0.001
0.007	0.476	0.178	0.339
>TDTTCTCMAGGT	WIP5(C2H2)/colamp-WIP5-DAP-Seq(GSE60143)/Homer	6.614078	-2.857200	0	T:5.0(83.33%),B:49.7(42.30%),P:1e-1
0.217	0.233	0.081	0.469
0.233	0.183	0.237	0.347
0.284	0.142	0.074	0.499
0.289	0.084	0.179	0.448
0.355	0.514	0.130	0.001
0.001	0.001	0.001	0.997
0.001	0.806	0.192	0.001
0.288	0.395	0.113	0.204
0.949	0.001	0.049	0.001
0.001	0.001	0.997	0.001
0.001	0.020	0.934	0.045
0.023	0.216	0.061	0.700
>ATATGCAAAT	Oct2(POU,Homeobox)/Bcell-Oct2-ChIP-Seq(GSE21512)/Homer	7.581119	-2.789062	0	T:2.0(33.33%),B:7.8(6.64%),P:1e-1
0.696	0.132	0.077	0.095
0.110	0.103	0.028	0.759
0.974	0.006	0.001	0.019
0.025	0.013	0.032	0.930
0.020	0.001	0.972	0.007
0.020	0.952	0.001	0.027
0.997	0.001	0.001	0.001
0.966	0.001	0.020	0.013
0.992	0.001	0.001	0.006
0.064	0.019	0.026	0.891
>TTRAGTGSYK	Bapx1(Homeobox)/VertebralCol-Bapx1-ChIP-Seq(GSE36672)/Homer	6.037626	-2.727047	0	T:6.0(100.00%),B:73.3(62.32%),P:1e-1
0.056	0.334	0.104	0.506
0.177	0.231	0.156	0.436
0.497	0.001	0.501	0.001
0.962	0.005	0.012	0.021
0.009	0.001	0.882	0.108
0.024	0.001	0.001	0.974
0.140	0.001	0.858	0.001
0.079	0.289	0.425	0.208
0.189	0.274	0.127	0.410
0.188	0.124	0.280	0.408
>TTTGTCTTTWTB	IDD4(C2H2)/col-IDD4-DAP-Seq(GSE60143)/Homer	7.435910	-2.715445	0	T:4.0(66.67%),B:33.2(28.24%),P:1e-1
0.073	0.117	0.047	0.763
0.023	0.026	0.024	0.927
0.001	0.032	0.002	0.965
0.003	0.001	0.995	0.001
0.001	0.004	0.123	0.872
0.074	0.759	0.002	0.165
0.095	0.134	0.259	0.512
0.046	0.091	0.121	0.742
0.115	0.164	0.091	0.630
0.424	0.002	0.025	0.549
0.238	0.101	0.085	0.576
0.149	0.337	0.229	0.285
>GGGGGGGG	Maz(Zf)/HepG2-Maz-ChIP-Seq(GSE31477)/Homer	7.478769	-2.715445	0	T:4.0(66.67%),B:33.7(28.64%),P:1e-1
0.009	0.001	0.989	0.001
0.001	0.001	0.997	0.001
0.132	0.082	0.702	0.084
0.190	0.149	0.607	0.054
0.090	0.061	0.848	0.001
0.047	0.058	0.894	0.001
0.042	0.001	0.956	0.001
0.001	0.001	0.997	0.001
>ACAGCTGTTN	Ptf1a(bHLH)/Panc1-Ptf1a-ChIP-Seq(GSE47459)/Homer	4.784553	-2.649086	0	T:6.0(100.00%),B:74.1(63.02%),P:1e-1
0.467	0.235	0.275	0.022
0.001	0.997	0.001	0.001
0.997	0.001	0.001	0.001
0.001	0.241	0.727	0.031
0.029	0.726	0.244	0.001
0.001	0.001	0.001	0.997
0.001	0.001	0.997	0.001
0.032	0.256	0.248	0.465
0.123	0.231	0.242	0.404
0.217	0.290	0.233	0.261
>SGTCACGTGR	USF1(bHLH)/GM12878-Usf1-ChIP-Seq(GSE32465)/Homer	6.629484	-2.588725	0	T:2.0(33.33%),B:8.7(7.36%),P:1e-1
0.169	0.281	0.417	0.133
0.229	0.156	0.582	0.033
0.037	0.312	0.141	0.510
0.001	0.996	0.002	0.001
0.997	0.001	0.001	0.001
0.001	0.946	0.001	0.052
0.063	0.005	0.931	0.001
0.001	0.001	0.002	0.996
0.001	0.001	0.997	0.001
0.447	0.144	0.347	0.062
>TAAACCCT	TRP2(MYBrelated)/colamp-TRP2-DAP-Seq(GSE60143)/Homer	9.651300	-2.588725	0	T:2.0(33.33%),B:8.9(7.54%),P:1e-1
0.278	0.001	0.001	0.720
0.997	0.001	0.001	0.001
0.959	0.039	0.001	0.001
0.997	0.001	0.001	0.001
0.001	0.903	0.001	0.095
0.001	0.997	0.001	0.001
0.001	0.997	0.001	0.001
0.001	0.001	0.001	0.997
>RRSCACTYAA	Nkx2.5(Homeobox)/HL1-Nkx2.5.biotin-ChIP-Seq(GSE21529)/Homer	5.898166	-2.572125	0	T:6.0(100.00%),B:75.5(64.23%),P:1e-1
0.358	0.149	0.331	0.163
0.352	0.153	0.326	0.169
0.193	0.412	0.384	0.011
0.003	0.900	0.002	0.095
0.649	0.086	0.002	0.263
0.015	0.970	0.002	0.013
0.002	0.002	0.002	0.994
0.023	0.560	0.006	0.411
0.491	0.200	0.197	0.113
0.597	0.040	0.158	0.205
>MAATCACTGC	Gfi1b(Zf)/HPC7-Gfi1b-ChIP-Seq(GSE22178)/Homer	6.768352	-2.544385	0	T:3.0(50.00%),B:20.6(17.54%),P:1e-1
0.430	0.389	0.102	0.078
0.997	0.001	0.001	0.001
0.990	0.008	0.001	0.001
0.001	0.031	0.022	0.946
0.001	0.997	0.001	0.001
0.567	0.019	0.001	0.413
0.018	0.724	0.257	0.001
0.393	0.001	0.053	0.553
0.003	0.001	0.995	0.001
0.018	0.890	0.001	0.091
>ATGATTRATG	LIN-39(Homeobox)/cElegans.L3-LIN39-ChIP-Seq(modEncode)/Homer	6.728299	-2.432013	0	T:3.0(50.00%),B:21.1(17.95%),P:1e-1
0.484	0.084	0.171	0.260
0.194	0.001	0.001	0.804
0.186	0.003	0.711	0.100
0.989	0.009	0.001	0.001
0.130	0.136	0.047	0.687
0.311	0.001	0.143	0.545
0.421	0.023	0.449	0.107
0.988	0.001	0.001	0.010
0.001	0.001	0.001	0.997
0.073	0.024	0.546	0.357
>TWWTTTCTGTTG	RAV1(RAV)/colamp-RAV1-DAP-Seq(GSE60143)/Homer	7.403321	-2.410933	0	T:2.0(33.33%),B:9.4(8.02%),P:1e-1
0.136	0.121	0.162	0.581
0.439	0.063	0.190	0.309
0.383	0.086	0.185	0.346
0.304	0.077	0.050	0.569
0.158	0.233	0.032	0.577
0.160	0.034	0.029	0.777
0.256	0.477	0.052	0.215
0.001	0.006	0.005	0.988
0.003	0.006	0.964	0.027
0.042	0.052	0.025	0.881
0.009	0.033	0.039	0.919
0.026	0.023	0.885	0.066
>WWAGAATATTCT	At2g03500(G2like)/col-At2g03500-DAP-Seq(GSE60143)/Homer	7.462253	-2.410933	0	T:2.0(33.33%),B:9.4(8.01%),P:1e-1
0.424	0.133	0.157	0.285
0.352	0.174	0.201	0.274
0.456	0.126	0.226	0.192
0.001	0.001	0.997	0.001
0.687	0.021	0.131	0.161
0.997	0.001	0.001	0.001
0.001	0.001	0.069	0.929
0.936	0.062	0.001	0.001
0.001	0.001	0.001	0.997
0.269	0.146	0.050	0.535
0.001	0.997	0.001	0.001
0.201	0.251	0.131	0.417
>MTGATGCAAT	Atf4(bZIP)/MEF-Atf4-ChIP-Seq(GSE35681)/Homer	6.539998	-2.410933	0	T:2.0(33.33%),B:9.2(7.85%),P:1e-1
0.490	0.342	0.159	0.010
0.001	0.012	0.001	0.986
0.006	0.002	0.975	0.017
0.965	0.007	0.010	0.018
0.001	0.024	0.002	0.973
0.001	0.001	0.997	0.001
0.130	0.661	0.001	0.208
0.994	0.004	0.001	0.001
0.997	0.001	0.001	0.001
0.015	0.316	0.124	0.545
>CKTCKTCTTY	Unknown4/Arabidopsis-Promoters/Homer	6.969553	-2.377830	0	T:5.0(83.33%),B:55.8(47.49%),P:1e-1
0.083	0.736	0.094	0.087
0.081	0.057	0.409	0.452
0.001	0.093	0.143	0.763
0.001	0.976	0.001	0.022
0.051	0.001	0.504	0.444
0.001	0.001	0.001	0.997
0.001	0.939	0.001	0.059
0.119	0.125	0.185	0.571
0.001	0.337	0.001	0.661
0.031	0.525	0.001	0.443
>TGTTKCCTAGCAACM	Rfx6(HTH)/Min6b1-Rfx6.HA-ChIP-Seq(GSE62844)/Homer	3.330258	-2.357424	0	T:4.0(66.67%),B:37.1(31.56%),P:1e-1
0.101	0.099	0.267	0.533
0.050	0.049	0.889	0.012
0.001	0.162	0.049	0.788
0.175	0.269	0.025	0.531
0.063	0.070	0.359	0.508
0.001	0.997	0.001	0.001
0.012	0.768	0.001	0.219
0.062	0.173	0.001	0.764
0.724	0.001	0.274	0.001
0.001	0.001	0.997	0.001
0.061	0.876	0.001	0.062
0.975	0.001	0.001	0.023
0.900	0.001	0.098	0.001
0.001	0.997	0.001	0.001
0.407	0.409	0.082	0.101
>RSCACTYRAG	Nkx2.1(Homeobox)/LungAC-Nkx2.1-ChIP-Seq(GSE43252)/Homer	5.687551	-2.346996	0	T:6.0(100.00%),B:78.1(66.41%),P:1e-1
0.367	0.112	0.371	0.149
0.232	0.379	0.389	0.001
0.001	0.809	0.001	0.189
0.722	0.001	0.001	0.276
0.001	0.997	0.001	0.001
0.001	0.001	0.001	0.997
0.001	0.514	0.001	0.484
0.413	0.232	0.266	0.088
0.712	0.001	0.114	0.173
0.243	0.253	0.442	0.062
>NNNCTTTCCAGGAAA	Bcl6(Zf)/Liver-Bcl6-ChIP-Seq(GSE31578)/Homer	6.522635	-2.325460	0	T:3.0(50.00%),B:22.7(19.33%),P:1e-1
0.225	0.277	0.206	0.292
0.271	0.206	0.219	0.304
0.221	0.218	0.348	0.213
0.218	0.390	0.164	0.228
0.120	0.234	0.061	0.585
0.032	0.207	0.052	0.709
0.027	0.058	0.031	0.884
0.017	0.888	0.023	0.072
0.025	0.648	0.012	0.315
0.623	0.009	0.025	0.343
0.116	0.013	0.842	0.029
0.065	0.033	0.867	0.035
0.788	0.048	0.136	0.028
0.867	0.041	0.053	0.039
0.412	0.175	0.222	0.190
>AGAGGAAGTG	PU.1(ETS)/ThioMac-PU.1-ChIP-Seq(GSE21512)/Homer	7.613173	-2.325460	0	T:3.0(50.00%),B:22.8(19.42%),P:1e-1
0.643	0.001	0.149	0.207
0.122	0.171	0.705	0.002
0.830	0.012	0.157	0.001
0.001	0.001	0.997	0.001
0.001	0.001	0.997	0.001
0.997	0.001	0.001	0.001
0.990	0.001	0.001	0.008
0.024	0.074	0.901	0.001
0.001	0.005	0.001	0.993
0.079	0.097	0.773	0.051
>GNMCAGGTGTGC	ZEB2(Zf)/SNU398-ZEB2-ChIP-Seq(GSE103048)/Homer	6.933381	-2.224260	0	T:3.0(50.00%),B:23.7(20.19%),P:1e0
0.210	0.136	0.489	0.166
0.172	0.247	0.306	0.275
0.368	0.242	0.218	0.171
0.001	0.965	0.001	0.033
0.997	0.001	0.001	0.001
0.001	0.001	0.997	0.001
0.001	0.001	0.997	0.001
0.001	0.001	0.001	0.997
0.137	0.001	0.861	0.001
0.276	0.050	0.123	0.551
0.178	0.242	0.546	0.034
0.070	0.498	0.200	0.232
>GCAGCCAAGCRTGACH	PAX5(Paired,Homeobox)/GM12878-PAX5-ChIP-Seq(GSE32465)/Homer	7.209436	-2.224260	0	T:3.0(50.00%),B:23.2(19.70%),P:1e0
0.002	0.234	0.462	0.302
0.037	0.889	0.001	0.073
0.856	0.025	0.073	0.046
0.089	0.202	0.605	0.104
0.002	0.569	0.127	0.302
0.116	0.598	0.262	0.024
0.711	0.012	0.264	0.013
0.509	0.033	0.194	0.264
0.002	0.271	0.726	0.001
0.001	0.883	0.015	0.101
0.453	0.033	0.466	0.048
0.030	0.022	0.114	0.834
0.159	0.011	0.827	0.003
0.664	0.081	0.188	0.067
0.244	0.701	0.038	0.017
0.227	0.364	0.170	0.239
>SCCTSAGGSCAW	AP-2gamma(AP2)/MCF7-TFAP2C-ChIP-Seq(GSE21234)/Homer	6.349794	-2.117964	0	T:4.0(66.67%),B:40.1(34.13%),P:1e0
0.005	0.431	0.547	0.017
0.001	0.997	0.001	0.001
0.001	0.947	0.001	0.051
0.003	0.304	0.001	0.692
0.061	0.437	0.411	0.091
0.688	0.004	0.289	0.019
0.063	0.001	0.935	0.001
0.001	0.001	0.997	0.001
0.009	0.487	0.503	0.001
0.281	0.458	0.059	0.201
0.552	0.128	0.170	0.150
0.232	0.185	0.201	0.381
>CASAAAAMGACAAAA	At1g14580(C2H2)/colamp-At1g14580-DAP-Seq(GSE60143)/Homer	8.903577	-2.107531	0	T:2.0(33.33%),B:11.9(10.12%),P:1e0
0.278	0.435	0.086	0.202
0.667	0.015	0.301	0.017
0.127	0.418	0.380	0.075
0.736	0.001	0.032	0.231
0.757	0.002	0.001	0.240
0.709	0.060	0.212	0.019
0.760	0.163	0.067	0.010
0.355	0.457	0.104	0.084
0.040	0.001	0.947	0.012
0.939	0.059	0.001	0.001
0.001	0.997	0.001	0.001
0.997	0.001	0.001	0.001
0.980	0.001	0.018	0.001
0.849	0.022	0.107	0.022
0.645	0.079	0.118	0.158
>HAVAAAACGACAAAA	NUC(C2H2)/col-NUC-DAP-Seq(GSE60143)/Homer	9.302121	-2.107531	0	T:2.0(33.33%),B:12.0(10.17%),P:1e0
0.308	0.349	0.111	0.232
0.550	0.096	0.288	0.066
0.222	0.353	0.339	0.086
0.602	0.001	0.085	0.312
0.817	0.001	0.001	0.181
0.581	0.096	0.202	0.121
0.878	0.086	0.035	0.001
0.203	0.636	0.121	0.040
0.001	0.001	0.997	0.001
0.997	0.001	0.001	0.001
0.001	0.997	0.001	0.001
0.989	0.001	0.009	0.001
0.994	0.001	0.004	0.001
0.824	0.040	0.106	0.030
0.697	0.061	0.101	0.141
>AGGTCANTGACCTB	FXR(NR),IR1/Liver-FXR-ChIP-Seq(Chong_et_al.)/Homer	6.873163	-2.107531	0	T:2.0(33.33%),B:11.6(9.90%),P:1e0
0.532	0.067	0.360	0.041
0.064	0.001	0.862	0.073
0.025	0.013	0.835	0.127
0.060	0.151	0.167	0.622
0.005	0.859	0.079	0.057
0.907	0.028	0.041	0.024
0.262	0.223	0.260	0.255
0.027	0.066	0.035	0.872
0.054	0.076	0.862	0.008
0.622	0.160	0.152	0.066
0.128	0.836	0.013	0.023
0.053	0.890	0.001	0.056
0.053	0.338	0.072	0.537
0.138	0.347	0.250	0.265
>CVGTSCTCCC	Znf263(Zf)/K562-Znf263-ChIP-Seq(GSE31477)/Homer	3.877224	-2.043027	0	T:4.0(66.67%),B:41.2(35.03%),P:1e0
0.152	0.413	0.242	0.193
0.333	0.240	0.309	0.118
0.005	0.334	0.660	0.001
0.001	0.001	0.001	0.997
0.001	0.512	0.486	0.001
0.001	0.997	0.001	0.001
0.001	0.001	0.001	0.997
0.001	0.997	0.001	0.001
0.001	0.997	0.001	0.001
0.138	0.657	0.002	0.203
>HGWGRHWGACACGTG	bHLH34(bHLH)/colamp-bHLH34-DAP-Seq(GSE60143)/Homer	6.770436	-1.976473	0	T:2.0(33.33%),B:12.1(10.32%),P:1e0
0.370	0.355	0.040	0.234
0.158	0.188	0.517	0.137
0.341	0.068	0.116	0.474
0.273	0.034	0.484	0.209
0.376	0.167	0.275	0.183
0.290	0.274	0.136	0.301
0.289	0.126	0.173	0.411
0.223	0.045	0.448	0.284
0.435	0.189	0.264	0.112
0.001	0.997	0.001	0.001
0.997	0.001	0.001	0.001
0.001	0.997	0.001	0.001
0.001	0.001	0.997	0.001
0.001	0.001	0.001	0.997
0.001	0.001	0.997	0.001
>TTACCTAACT	MYB57(MYB)/col-MYB57-DAP-Seq(GSE60143)/Homer	6.784994	-1.976473	0	T:2.0(33.33%),B:12.6(10.71%),P:1e0
0.217	0.228	0.140	0.415
0.096	0.143	0.201	0.560
0.624	0.014	0.347	0.015
0.084	0.875	0.029	0.012
0.019	0.932	0.031	0.018
0.065	0.018	0.026	0.891
0.935	0.023	0.017	0.025
0.876	0.081	0.014	0.029
0.050	0.573	0.016	0.361
0.198	0.277	0.021	0.504
>AACATCTGGA	ZBTB18(Zf)/HEK293-ZBTB18.GFP-ChIP-Seq(GSE58341)/Homer	7.774114	-1.976473	0	T:2.0(33.33%),B:12.4(10.59%),P:1e0
0.620	0.322	0.046	0.012
0.813	0.001	0.185	0.001
0.001	0.968	0.030	0.001
0.933	0.065	0.001	0.001
0.001	0.001	0.234	0.764
0.001	0.968	0.030	0.001
0.001	0.001	0.001	0.997
0.001	0.001	0.997	0.001
0.014	0.099	0.743	0.144
0.492	0.252	0.242	0.014
>GAGSCCGAGC	ZNF519(Zf)/HEK293-ZNF519.GFP-ChIP-Seq(GSE58341)/Homer	7.965245	-1.976473	0	T:2.0(33.33%),B:12.4(10.57%),P:1e0
0.001	0.001	0.997	0.001
0.997	0.001	0.001	0.001
0.001	0.001	0.997	0.001
0.020	0.483	0.339	0.158
0.011	0.973	0.010	0.006
0.021	0.925	0.001	0.053
0.001	0.066	0.932	0.001
0.955	0.025	0.016	0.004
0.001	0.001	0.993	0.005
0.001	0.971	0.001	0.027
>RTCACSCCAY	Srebp1a(bHLH)/HepG2-Srebp1a-ChIP-Seq(GSE31477)/Homer	7.911684	-1.963189	0	T:1.0(16.67%),B:2.6(2.22%),P:1e0
0.485	0.157	0.353	0.005
0.014	0.007	0.001	0.978
0.001	0.968	0.030	0.001
0.971	0.001	0.017	0.011
0.001	0.892	0.089	0.018
0.238	0.400	0.305	0.057
0.001	0.997	0.001	0.001
0.035	0.931	0.001	0.033
0.965	0.012	0.015	0.008
0.007	0.423	0.039	0.531
>TGCCACGTSABH	bZIP28(bZIP)/col-bZIP28-DAP-Seq(GSE60143)/Homer	7.303055	-1.963189	0	T:1.0(16.67%),B:2.7(2.27%),P:1e0
0.180	0.198	0.093	0.529
0.082	0.001	0.692	0.225
0.376	0.622	0.001	0.001
0.001	0.997	0.001	0.001
0.997	0.001	0.001	0.001
0.001	0.997	0.001	0.001
0.001	0.001	0.997	0.001
0.001	0.001	0.001	0.997
0.077	0.456	0.466	0.001
0.494	0.001	0.235	0.270
0.153	0.338	0.209	0.300
0.226	0.348	0.117	0.309
>WWTGMCACGTCABCW	GBF6(bZIP)/colamp-GBF6-DAP-Seq(GSE60143)/Homer	6.405749	-1.963189	0	T:1.0(16.67%),B:2.7(2.27%),P:1e0
0.367	0.154	0.169	0.310
0.379	0.173	0.078	0.371
0.241	0.097	0.104	0.558
0.042	0.002	0.692	0.264
0.428	0.567	0.001	0.004
0.001	0.997	0.001	0.001
0.997	0.001	0.001	0.001
0.001	0.997	0.001	0.001
0.001	0.001	0.997	0.001
0.001	0.001	0.001	0.997
0.015	0.579	0.405	0.001
0.574	0.001	0.134	0.291
0.114	0.358	0.237	0.291
0.324	0.488	0.035	0.153
0.490	0.071	0.093	0.346
>TRCATTCCAG	TEAD3(TEA)/HepG2-TEAD3-ChIP-Seq(Encode)/Homer	5.856981	-1.948892	0	T:3.0(50.00%),B:26.2(22.25%),P:1e0
0.152	0.266	0.155	0.427
0.484	0.001	0.500	0.015
0.267	0.675	0.057	0.001
0.997	0.001	0.001	0.001
0.001	0.001	0.001	0.997
0.070	0.001	0.001	0.928
0.001	0.997	0.001	0.001
0.001	0.997	0.001	0.001
0.862	0.027	0.061	0.050
0.165	0.155	0.498	0.182
>ATTTTCCATT	NFAT(RHD)/Jurkat-NFATC1-ChIP-Seq(Jolma_et_al.)/Homer	6.822934	-1.948892	0	T:3.0(50.00%),B:26.3(22.35%),P:1e0
0.538	0.029	0.061	0.372
0.058	0.165	0.237	0.540
0.001	0.001	0.030	0.968
0.001	0.001	0.001	0.997
0.001	0.001	0.001	0.997
0.001	0.997	0.001	0.001
0.001	0.997	0.001	0.001
0.925	0.001	0.073	0.001
0.031	0.358	0.059	0.552
0.081	0.254	0.139	0.526
>NCYAATAAAA	HOXD13(Homeobox)/Chicken-Hoxd13-ChIP-Seq(GSE38910)/Homer	6.877202	-1.948892	0	T:3.0(50.00%),B:26.6(22.67%),P:1e0
0.269	0.183	0.251	0.297
0.085	0.600	0.235	0.080
0.035	0.480	0.001	0.484
0.500	0.346	0.001	0.153
0.826	0.001	0.083	0.090
0.001	0.001	0.001	0.997
0.776	0.001	0.001	0.222
0.997	0.001	0.001	0.001
0.997	0.001	0.001	0.001
0.745	0.099	0.031	0.125
>ATTTAAATHN	SOL1(CPP)/colamp-SOL1-DAP-Seq(GSE60143)/Homer	6.358655	-1.948892	0	T:3.0(50.00%),B:26.8(22.76%),P:1e0
0.566	0.023	0.151	0.260
0.001	0.015	0.001	0.983
0.002	0.001	0.001	0.996
0.001	0.373	0.001	0.625
0.608	0.016	0.360	0.016
0.992	0.001	0.006	0.001
0.997	0.001	0.001	0.001
0.288	0.183	0.030	0.499
0.257	0.247	0.127	0.369
0.285	0.229	0.189	0.297
>CCAAAAATRG	TAGL1(MADS)/Tomato-TAGL1-ChIP-Seq(GSE116581)/Homer	6.507152	-1.948892	0	T:3.0(50.00%),B:26.2(22.32%),P:1e0
0.177	0.784	0.016	0.023
0.005	0.690	0.011	0.294
0.752	0.101	0.001	0.146
0.586	0.031	0.079	0.304
0.948	0.003	0.015	0.034
0.679	0.001	0.006	0.314
0.635	0.004	0.111	0.250
0.323	0.031	0.045	0.601
0.439	0.001	0.559	0.001
0.004	0.021	0.905	0.070
>YTGWCADY	Tgif1(Homeobox)/mES-Tgif1-ChIP-Seq(GSE55404)/Homer	4.974907	-1.920606	0	T:6.0(100.00%),B:84.4(71.77%),P:1e0
0.114	0.380	0.090	0.415
0.043	0.023	0.008	0.926
0.079	0.037	0.810	0.074
0.443	0.016	0.020	0.521
0.034	0.892	0.026	0.048
0.794	0.057	0.109	0.040
0.248	0.121	0.336	0.295
0.215	0.385	0.155	0.245
>NAMCAGCTGK	BHLHA15(bHLH)/NIH3T3-BHLHB8.HA-ChIP-Seq(GSE119782)/Homer	6.823702	-1.899875	0	T:4.0(66.67%),B:43.0(36.58%),P:1e0
0.250	0.237	0.268	0.245
0.440	0.213	0.224	0.124
0.351	0.486	0.162	0.001
0.001	0.997	0.001	0.001
0.997	0.001	0.001	0.001
0.001	0.001	0.638	0.360
0.367	0.631	0.001	0.001
0.001	0.001	0.001	0.997
0.001	0.001	0.997	0.001
0.001	0.135	0.463	0.401
>MCAGCTGBYH	Twist2(bHLH)/Myoblast-Twist2.Ty1-ChIP-Seq(GSE127998)/Homer	3.818930	-1.899875	0	T:4.0(66.67%),B:43.0(36.58%),P:1e0
0.360	0.427	0.210	0.003
0.001	0.997	0.001	0.001
0.997	0.001	0.001	0.001
0.001	0.002	0.714	0.283
0.358	0.640	0.001	0.001
0.001	0.001	0.001	0.997
0.001	0.001	0.997	0.001
0.001	0.277	0.301	0.421
0.178	0.299	0.079	0.444
0.240	0.339	0.181	0.240
