>CTGGGCAACA	1-CTGGGCAACA	7.737967	-22.317622	0	T:6.0(100.00%),B:0.0(0.00%),P:1e-9	Tpos:442.5,Tstd:252.2,Bpos:0.0,Bstd:0.0,StrandBias:-0.7,Multiplicity:2.17
0.001	0.997	0.001	0.001
0.001	0.106	0.001	0.892
0.001	0.107	0.785	0.107
0.214	0.001	0.780	0.005
0.001	0.113	0.881	0.005
0.214	0.572	0.107	0.107
0.678	0.001	0.214	0.107
0.785	0.107	0.001	0.107
0.001	0.887	0.107	0.005
0.785	0.001	0.107	0.107
>CAAAGTGCTG	2-CAAAGTGCTG	10.315867	-17.521831	0	T:5.0(83.33%),B:0.0(0.00%),P:1e-7	Tpos:451.7,Tstd:274.4,Bpos:0.0,Bstd:0.0,StrandBias:-0.4,Multiplicity:1.40
0.001	0.997	0.001	0.001
0.997	0.001	0.001	0.001
0.997	0.001	0.001	0.001
0.837	0.001	0.161	0.001
0.001	0.322	0.676	0.001
0.001	0.001	0.161	0.837
0.001	0.322	0.676	0.001
0.001	0.997	0.001	0.001
0.001	0.001	0.001	0.997
0.001	0.001	0.997	0.001
>TTTTGTATTT	3-TTTTGTATTT	8.350283	-17.521831	0	T:5.0(83.33%),B:0.0(0.00%),P:1e-7	Tpos:382.8,Tstd:255.7,Bpos:0.0,Bstd:0.0,StrandBias:10.0,Multiplicity:1.25
0.100	0.100	0.100	0.700
0.100	0.100	0.100	0.700
0.100	0.100	0.100	0.700
0.100	0.100	0.100	0.700
0.100	0.100	0.700	0.100
0.100	0.100	0.100	0.700
0.700	0.100	0.100	0.100
0.100	0.100	0.100	0.700
0.100	0.100	0.100	0.700
0.100	0.100	0.100	0.700
>ATVAGCCACC	4-ATVAGCCACC	8.361569	-17.521831	0	T:5.0(83.33%),B:0.0(0.00%),P:1e-7	Tpos:250.6,Tstd:108.1,Bpos:0.0,Bstd:0.0,StrandBias:1.3,Multiplicity:1.40
0.666	0.001	0.332	0.001
0.001	0.300	0.001	0.698
0.300	0.300	0.399	0.001
0.997	0.001	0.001	0.001
0.001	0.300	0.698	0.001
0.001	0.997	0.001	0.001
0.001	0.997	0.001	0.001
0.997	0.001	0.001	0.001
0.001	0.997	0.001	0.001
0.001	0.667	0.032	0.300
>ACGCCCGGCT	5-ACGCCCGGCT	8.748738	-17.521831	0	T:5.0(83.33%),B:0.0(0.00%),P:1e-7	Tpos:399.9,Tstd:348.7,Bpos:0.0,Bstd:0.0,StrandBias:1.3,Multiplicity:1.40
0.683	0.315	0.001	0.001
0.158	0.683	0.001	0.158
0.168	0.001	0.673	0.158
0.001	0.997	0.001	0.001
0.157	0.841	0.001	0.001
0.001	0.821	0.168	0.010
0.001	0.158	0.673	0.168
0.001	0.157	0.841	0.001
0.001	0.997	0.001	0.001
0.001	0.157	0.001	0.841
>GGATTACAGG	6-GGATTACAGG	8.350283	-17.521831	0	T:5.0(83.33%),B:0.0(0.00%),P:1e-7	Tpos:286.3,Tstd:143.4,Bpos:0.0,Bstd:0.0,StrandBias:0.6,Multiplicity:2.00
0.100	0.100	0.700	0.100
0.100	0.100	0.700	0.100
0.700	0.100	0.100	0.100
0.100	0.100	0.100	0.700
0.100	0.100	0.100	0.700
0.700	0.100	0.100	0.100
0.100	0.700	0.100	0.100
0.700	0.100	0.100	0.100
0.100	0.100	0.700	0.100
0.100	0.100	0.700	0.100
>SCCAGGGCCA	7-SCCAGGGCCA	10.111324	-17.521831	0	T:5.0(83.33%),B:0.0(0.00%),P:1e-7	Tpos:697.6,Tstd:142.3,Bpos:0.0,Bstd:0.0,StrandBias:-0.6,Multiplicity:1.00
0.001	0.436	0.375	0.187
0.001	0.811	0.001	0.187
0.001	0.997	0.001	0.001
0.811	0.187	0.001	0.001
0.001	0.001	0.997	0.001
0.001	0.001	0.997	0.001
0.187	0.001	0.811	0.001
0.218	0.594	0.001	0.187
0.217	0.781	0.001	0.001
0.811	0.001	0.001	0.187
>AGAAAACACA	8-AGAAAACACA	8.106032	-17.521831	0	T:5.0(83.33%),B:0.0(0.00%),P:1e-7	Tpos:503.1,Tstd:243.4,Bpos:0.0,Bstd:0.0,StrandBias:1.3,Multiplicity:1.40
0.997	0.001	0.001	0.001
0.120	0.120	0.759	0.001
0.879	0.001	0.119	0.001
0.639	0.001	0.240	0.120
0.749	0.120	0.130	0.001
0.759	0.001	0.120	0.120
0.001	0.749	0.120	0.130
0.759	0.120	0.001	0.120
0.129	0.869	0.001	0.001
0.879	0.001	0.001	0.119
>GGAKTKAAGT	9-GGAKTKAAGT	7.469996	-17.521831	0	T:5.0(83.33%),B:0.0(0.00%),P:1e-7	Tpos:391.3,Tstd:230.7,Bpos:0.0,Bstd:0.0,StrandBias:0.4,Multiplicity:1.40
0.060	0.001	0.879	0.060
0.001	0.001	0.935	0.063
0.935	0.001	0.063	0.001
0.015	0.001	0.555	0.429
0.078	0.001	0.001	0.920
0.064	0.001	0.506	0.429
0.863	0.061	0.001	0.075
0.997	0.001	0.001	0.001
0.139	0.001	0.859	0.001
0.001	0.001	0.001	0.997
>TTTTTTTTTT	10-TTTTTTTTTT	10.296193	-13.410958	0	T:4.0(66.67%),B:0.0(0.00%),P:1e-5	Tpos:439.5,Tstd:261.8,Bpos:0.0,Bstd:0.0,StrandBias:0.3,Multiplicity:1.00
0.100	0.100	0.100	0.700
0.100	0.100	0.100	0.700
0.100	0.100	0.100	0.700
0.100	0.100	0.100	0.700
0.100	0.100	0.100	0.700
0.100	0.100	0.100	0.700
0.100	0.100	0.100	0.700
0.100	0.100	0.100	0.700
0.100	0.100	0.100	0.700
0.100	0.100	0.100	0.700
>CTCAGCCTCC	11-CTCAGCCTCC	8.350283	-13.410958	0	T:4.0(66.67%),B:0.0(0.00%),P:1e-5	Tpos:324.5,Tstd:216.6,Bpos:0.0,Bstd:0.0,StrandBias:1.4,Multiplicity:2.75
0.100	0.700	0.100	0.100
0.100	0.100	0.100	0.700
0.100	0.700	0.100	0.100
0.700	0.100	0.100	0.100
0.100	0.100	0.700	0.100
0.100	0.700	0.100	0.100
0.100	0.700	0.100	0.100
0.100	0.100	0.100	0.700
0.100	0.700	0.100	0.100
0.100	0.700	0.100	0.100
>GAACTCCTGA	12-GAACTCCTGA	8.350283	-13.410958	0	T:4.0(66.67%),B:0.0(0.00%),P:1e-5	Tpos:229.8,Tstd:174.7,Bpos:0.0,Bstd:0.0,StrandBias:1.6,Multiplicity:1.00
0.100	0.100	0.700	0.100
0.700	0.100	0.100	0.100
0.700	0.100	0.100	0.100
0.100	0.700	0.100	0.100
0.100	0.100	0.100	0.700
0.100	0.700	0.100	0.100
0.100	0.700	0.100	0.100
0.100	0.100	0.100	0.700
0.100	0.100	0.700	0.100
0.700	0.100	0.100	0.100
>ACAGCCCAGG	13-ACAGCCCAGG	8.350283	-13.410958	0	T:4.0(66.67%),B:0.0(0.00%),P:1e-5	Tpos:315.0,Tstd:203.3,Bpos:0.0,Bstd:0.0,StrandBias:0.0,Multiplicity:1.00
0.700	0.100	0.100	0.100
0.100	0.700	0.100	0.100
0.700	0.100	0.100	0.100
0.100	0.100	0.700	0.100
0.100	0.700	0.100	0.100
0.100	0.700	0.100	0.100
0.100	0.700	0.100	0.100
0.700	0.100	0.100	0.100
0.100	0.100	0.700	0.100
0.100	0.100	0.700	0.100
>CCCTCCCCAG	14-CCCTCCCCAG	9.478030	-13.410958	0	T:4.0(66.67%),B:0.0(0.00%),P:1e-5	Tpos:653.4,Tstd:292.2,Bpos:0.0,Bstd:0.0,StrandBias:2.0,Multiplicity:1.25
0.139	0.859	0.001	0.001
0.001	0.759	0.239	0.001
0.120	0.759	0.001	0.120
0.120	0.001	0.120	0.759
0.120	0.759	0.001	0.120
0.001	0.997	0.001	0.001
0.120	0.519	0.001	0.360
0.119	0.879	0.001	0.001
0.997	0.001	0.001	0.001
0.120	0.001	0.740	0.139
>GCCACHGCCT	15-GCCACHGCCT	9.948326	-13.410958	0	T:4.0(66.67%),B:0.0(0.00%),P:1e-5	Tpos:675.2,Tstd:339.5,Bpos:0.0,Bstd:0.0,StrandBias:-0.6,Multiplicity:1.25
0.158	0.316	0.525	0.001
0.001	0.997	0.001	0.001
0.001	0.997	0.001	0.001
0.683	0.315	0.001	0.001
0.016	0.982	0.001	0.001
0.316	0.316	0.001	0.367
0.001	0.158	0.824	0.017
0.001	0.997	0.001	0.001
0.001	0.997	0.001	0.001
0.158	0.158	0.001	0.683
>TCTTTAAAAA	16-TCTTTAAAAA	8.010596	-11.428467	0	T:5.0(83.33%),B:6.2(5.17%),P:1e-4	Tpos:477.7,Tstd:220.8,Bpos:712.0,Bstd:317.8,StrandBias:1.0,Multiplicity:1.80
0.119	0.001	0.001	0.879
0.008	0.864	0.120	0.008
0.119	0.001	0.001	0.879
0.001	0.240	0.120	0.639
0.008	0.120	0.120	0.752
0.520	0.120	0.240	0.120
0.997	0.001	0.001	0.001
0.879	0.001	0.001	0.119
0.631	0.001	0.120	0.248
0.997	0.001	0.001	0.001
>CTCAAGTGAT	17-CTCAAGTGAT	5.067540	-11.428467	0	T:5.0(83.33%),B:6.3(5.25%),P:1e-4	Tpos:350.7,Tstd:146.7,Bpos:226.0,Bstd:266.9,StrandBias:-0.3,Multiplicity:2.20
0.152	0.410	0.217	0.221
0.199	0.192	0.130	0.479
0.156	0.532	0.192	0.120
0.544	0.210	0.087	0.159
0.573	0.047	0.199	0.181
0.177	0.138	0.580	0.105
0.228	0.109	0.167	0.496
0.152	0.210	0.496	0.141
0.446	0.188	0.148	0.217
0.214	0.196	0.145	0.446
>TCCACCTTGA	18-TCCACCTTGA	11.873576	-9.697385	0	T:3.0(50.00%),B:0.0(0.00%),P:1e-4	Tpos:364.0,Tstd:294.0,Bpos:0.0,Bstd:0.0,StrandBias:0.0,Multiplicity:1.33
0.001	0.001	0.001	0.997
0.001	0.749	0.001	0.249
0.001	0.997	0.001	0.001
0.997	0.001	0.001	0.001
0.001	0.749	0.001	0.249
0.001	0.997	0.001	0.001
0.001	0.001	0.001	0.997
0.001	0.001	0.001	0.997
0.001	0.001	0.997	0.001
0.749	0.001	0.249	0.001
>ATTTTTAAAA	19-ATTTTTAAAA	8.571655	-9.697385	0	T:3.0(50.00%),B:0.0(0.00%),P:1e-4	Tpos:257.3,Tstd:176.7,Bpos:0.0,Bstd:0.0,StrandBias:1.0,Multiplicity:1.67
0.822	0.001	0.001	0.176
0.088	0.001	0.088	0.823
0.095	0.001	0.001	0.903
0.001	0.001	0.001	0.997
0.088	0.177	0.088	0.647
0.087	0.001	0.001	0.911
0.559	0.088	0.088	0.265
0.816	0.001	0.088	0.095
0.735	0.001	0.176	0.088
0.816	0.001	0.088	0.095
>TTATTAATTT	20-TTATTAATTT	9.652479	-6.757335	0	T:3.0(50.00%),B:3.0(2.52%),P:1e-2	Tpos:488.4,Tstd:154.4,Bpos:225.0,Bstd:0.0,StrandBias:10.0,Multiplicity:1.67
0.001	0.187	0.001	0.811
0.001	0.001	0.001	0.997
0.625	0.187	0.001	0.187
0.187	0.001	0.001	0.811
0.187	0.001	0.001	0.811
0.984	0.001	0.001	0.014
0.594	0.390	0.001	0.015
0.001	0.001	0.001	0.997
0.001	0.001	0.374	0.624
0.001	0.001	0.187	0.811
>AGCCTCCATT	21-AGCCTCCATT	10.296193	-6.263398	0	T:2.0(33.33%),B:0.0(0.00%),P:1e-2	Tpos:429.0,Tstd:267.0,Bpos:0.0,Bstd:0.0,StrandBias:10.0,Multiplicity:1.00
0.700	0.100	0.100	0.100
0.100	0.100	0.700	0.100
0.100	0.700	0.100	0.100
0.100	0.700	0.100	0.100
0.100	0.100	0.100	0.700
0.100	0.700	0.100	0.100
0.100	0.700	0.100	0.100
0.700	0.100	0.100	0.100
0.100	0.100	0.100	0.700
0.100	0.100	0.100	0.700
>GCTGTGGCTG	22-GCTGTGGCTG	8.350283	-6.263398	0	T:2.0(33.33%),B:0.0(0.00%),P:1e-2	Tpos:766.5,Tstd:320.4,Bpos:0.0,Bstd:0.0,StrandBias:1.6,Multiplicity:2.00
0.100	0.100	0.700	0.100
0.100	0.700	0.100	0.100
0.100	0.100	0.100	0.700
0.100	0.100	0.700	0.100
0.100	0.100	0.100	0.700
0.100	0.100	0.700	0.100
0.100	0.100	0.700	0.100
0.100	0.700	0.100	0.100
0.100	0.100	0.100	0.700
0.100	0.100	0.700	0.100
