>GSTGGRCAGTGG	1-GSTGGRCAGTGG	9.598319	-22.317622	0	T:6.0(100.00%),B:0.0(0.00%),P:1e-9	Tpos:415.0,Tstd:282.9,Bpos:0.0,Bstd:0.0,StrandBias:-0.7,Multiplicity:1.33
0.001	0.001	0.997	0.001
0.001	0.461	0.537	0.001
0.306	0.001	0.231	0.462
0.001	0.001	0.997	0.001
0.001	0.231	0.462	0.306
0.461	0.001	0.537	0.001
0.001	0.997	0.001	0.001
0.997	0.001	0.001	0.001
0.230	0.001	0.768	0.001
0.230	0.001	0.001	0.768
0.056	0.001	0.942	0.001
0.001	0.001	0.997	0.001
>CCTGGGCAACAT	2-CCTGGGCAACAT	8.450885	-22.317622	0	T:6.0(100.00%),B:0.0(0.00%),P:1e-9	Tpos:383.2,Tstd:235.6,Bpos:0.0,Bstd:0.0,StrandBias:-1.0,Multiplicity:2.00
0.194	0.515	0.194	0.097
0.001	0.997	0.001	0.001
0.001	0.096	0.001	0.902
0.001	0.001	0.902	0.096
0.110	0.001	0.792	0.097
0.097	0.015	0.791	0.097
0.290	0.516	0.001	0.193
0.805	0.001	0.193	0.001
0.709	0.097	0.097	0.097
0.001	0.791	0.097	0.111
0.709	0.001	0.193	0.097
0.110	0.195	0.097	0.598
>TGGGATTACAGG	3-TGGGATTACAGG	8.463612	-17.521831	0	T:5.0(83.33%),B:0.0(0.00%),P:1e-7	Tpos:320.1,Tstd:250.6,Bpos:0.0,Bstd:0.0,StrandBias:0.8,Multiplicity:2.20
0.100	0.100	0.100	0.700
0.100	0.100	0.700	0.100
0.100	0.100	0.700	0.100
0.100	0.100	0.700	0.100
0.700	0.100	0.100	0.100
0.100	0.100	0.100	0.700
0.100	0.100	0.100	0.700
0.700	0.100	0.100	0.100
0.100	0.700	0.100	0.100
0.700	0.100	0.100	0.100
0.100	0.100	0.700	0.100
0.100	0.100	0.700	0.100
>GCCTCAGCCTCC	4-GCCTCAGCCTCC	2.494339	-17.521831	0	T:5.0(83.33%),B:0.0(0.00%),P:1e-7	Tpos:350.6,Tstd:271.4,Bpos:0.0,Bstd:0.0,StrandBias:0.4,Multiplicity:3.20
0.138	0.001	0.860	0.001
0.001	0.997	0.001	0.001
0.001	0.997	0.001	0.001
0.001	0.001	0.001	0.997
0.001	0.997	0.001	0.001
0.860	0.138	0.001	0.001
0.138	0.001	0.860	0.001
0.001	0.860	0.001	0.138
0.001	0.997	0.001	0.001
0.001	0.001	0.001	0.997
0.001	0.997	0.001	0.001
0.001	0.997	0.001	0.001
>RRATCACYTGAS	5-RRATCACYTGAS	8.268305	-17.521831	0	T:5.0(83.33%),B:0.0(0.00%),P:1e-7	Tpos:279.4,Tstd:166.7,Bpos:0.0,Bstd:0.0,StrandBias:-0.7,Multiplicity:1.60
0.429	0.001	0.569	0.001
0.546	0.001	0.452	0.001
0.997	0.001	0.001	0.001
0.001	0.001	0.001	0.997
0.001	0.882	0.107	0.010
0.870	0.010	0.118	0.002
0.001	0.997	0.001	0.001
0.001	0.429	0.106	0.464
0.001	0.001	0.001	0.997
0.001	0.001	0.997	0.001
0.997	0.001	0.001	0.001
0.001	0.429	0.569	0.001
>TTTTTTTTTTTA	6-TTTTTTTTTTTA	8.463612	-16.182057	0	T:6.0(100.00%),B:5.7(4.78%),P:1e-7	Tpos:406.4,Tstd:240.7,Bpos:776.5,Bstd:1.2,StrandBias:0.6,Multiplicity:1.83
0.100	0.100	0.100	0.700
0.100	0.100	0.100	0.700
0.100	0.100	0.100	0.700
0.100	0.100	0.100	0.700
0.100	0.100	0.100	0.700
0.100	0.100	0.100	0.700
0.100	0.100	0.100	0.700
0.100	0.100	0.100	0.700
0.100	0.100	0.100	0.700
0.100	0.100	0.100	0.700
0.100	0.100	0.100	0.700
0.700	0.100	0.100	0.100
>GGGTCTTGCTCT	7-GGGTCTTGCTCT	9.978161	-13.410958	0	T:4.0(66.67%),B:0.0(0.00%),P:1e-5	Tpos:361.6,Tstd:142.2,Bpos:0.0,Bstd:0.0,StrandBias:0.6,Multiplicity:1.25
0.001	0.001	0.752	0.246
0.001	0.001	0.997	0.001
0.001	0.105	0.893	0.001
0.001	0.001	0.001	0.997
0.001	0.997	0.001	0.001
0.001	0.001	0.001	0.997
0.001	0.123	0.001	0.875
0.105	0.001	0.893	0.001
0.246	0.752	0.001	0.001
0.246	0.001	0.001	0.752
0.105	0.893	0.001	0.001
0.001	0.001	0.001	0.997
